period=2 anchor=30F type=台幣利變非還本 budget=TWD 3,000,000
====================================================
全球人壽	鑫滿富足利率變動型增額終身壽險(定額給付型)	QHD(15@_78@)	2	5,540,000	3,087,996	2,996,051
新光人壽	尚好利利率變動型終身壽險(定期給付型)	PBA	2	5,970,000	3,091,266	2,998,528
新光人壽	金好旺利率變動型終身壽險(定期給付型)	PJA	2	17,560,000	3,076,512	2,999,599
富邦人壽	富利傳家利率變動型終身壽險	IBZ	2	16,343,000	3,061,044	2,999,823
富邦人壽	珍給利利率變動型增額終身壽險	IBC	2	6,043,000	3,045,672	2,999,987
台灣人壽	珍多寶利率變動型增額終身壽險	NTIW0903	2	5,673,567	3,086,420	3,000,000
台灣人壽	金得利利率變動型增額終身壽險	NTIW1802	2	5,329,283	3,045,685	3,000,000
台灣人壽	金福利利率變動型終身壽險	NTIW1602	2	15,252,737	3,061,224	3,000,000
台灣人壽	金滿利利率變動型終身壽險	NTIW2501	2	14,516,235	3,083,248	3,000,000
全球人壽	代代豪旺利率變動型終身壽險(定額給付型)	QNW	2	16,130,000	3,084,056	2,998,304
法國巴黎人壽	鴻運金喜分紅終身壽險(定期給付型)	PRT02A01	2	7,590,000	3,073,950	2,997,101
台新人壽	台享富貴利率變動型終身壽險	P2TIDA	2	18,720,000	3,066,523	2,999,427
凱基人壽	全家福利率變動型終身壽險-定期給付型	5I6L	2	17,089,055	3,067,485	3,000,000
凱基人壽	鑫旺來利率變動型終身壽險-定期給付型	5I74	2	6,337,619	3,086,420	3,000,000
凱基人壽	天天有利利率變動型終身壽險-定期給付型	5I6F	2	5,656,153	3,092,784	3,000,000
台灣人壽	紅利旺分紅終身壽險	NPTW0102	2	7,578,629	3,076,923	3,000,000
元大人壽	金元寶利率變動型終身壽險	JI	2	16,429,350	3,092,004	2,999,999
