period=3 anchor=21M type=台幣利變非還本 budget=TWD 3,000,000
====================================================
友邦人壽	雙享保利率變動型終身保險	NWLCA	3	12,500,000	3,123,750	2,999,737
全球人壽	鑫滿富足利率變動型增額終身壽險(定額給付型)	QHD(15@_77@)	3	7,900,000	3,090,480	2,998,461
保誠人壽	福安滿利終身壽險(113)(定期給付型)	ARLPLN10	3	15,014,399	3,076,450	3,000,000
保誠人壽	鑫滿傳家終身壽險(113)(定期給付型)	ARLPLN11	3	11,307,397	3,060,912	3,000,000
凱基人壽	全家福利率變動型終身壽險-定期給付型	5I6L	3	26,743,552	3,067,485	3,000,000
保誠人壽	鑫福安康終身壽險(定期給付型)	ARLPLN16	3	10,000,000	2,683,000	2,629,608
全球人壽	豪鑫368利率變動型終身壽險(定額給付型)	QVW(15@_77@)	3	26,460,000	3,082,590	2,999,915
新光人壽	金來保利率變動型終身壽險(定期給付型)	SLA	3	31,230,000	3,157,353	2,999,485
保誠人壽	鑫滿安康終身壽險(定期給付型)	ARLPLN21	3	17,865,566	3,076,450	3,000,000
保誠人壽	享扶利終身壽險(定額給付型)	ARLPN003	3	10,000,000	2,688,000	2,634,509
