period=3 anchor=30F type=台幣利變非還本 budget=TWD 3,000,000
====================================================
友邦人壽	雙享保利率變動型終身保險	NWLCA	3	12,200,000	3,123,200	2,999,209
全球人壽	鑫滿富足利率變動型增額終身壽險(定額給付型)	QHD(15@_77@)	3	8,220,000	3,089,076	2,997,099
保誠人壽	福安滿利終身壽險(113)(定期給付型)	ARLPLN10	3	14,748,084	3,076,450	3,000,000
保誠人壽	鑫滿傳家終身壽險(113)(定期給付型)	ARLPLN11	3	11,576,824	3,060,912	3,000,000
凱基人壽	全家福利率變動型終身壽險-定期給付型	5I6L	3	25,122,731	3,067,485	3,000,000
保誠人壽	鑫福安康終身壽險(定期給付型)	ARLPLN16	3	10,000,000	2,695,000	2,641,370
全球人壽	豪鑫368利率變動型終身壽險(定額給付型)	QVW(15@_77@)	3	24,900,000	3,082,620	2,999,944
新光人壽	金來保利率變動型終身壽險(定期給付型)	SLA	3	29,320,000	3,157,764	2,999,876
保誠人壽	鑫滿安康終身壽險(定期給付型)	ARLPLN21	3	17,072,422	3,076,450	3,000,000
保誠人壽	享扶利終身壽險(定額給付型)	ARLPN003	3	10,000,000	2,941,000	2,882,474
