period=6 anchor=21M type=台幣利變非還本 budget=TWD 3,000,000
====================================================
友邦人壽	增利High利率變動型終身壽險	NISL	6	3,310,000	3,043,545	2,998,044
全球人壽	鑫滿富足利率變動型增額終身壽險(定額給付型)	QHD(15@_74@)	6	14,930,000	3,090,510	2,998,490
新光人壽	永康傳家利率變動型終身壽險(定期給付型)	NLA	6	54,510,000	3,117,972	2,999,489
遠雄人壽	傳富聚鑫利率變動型終身壽險	WH1	6	48,210,000	3,157,755	2,999,867
法國巴黎人壽	鴻運旺旺來終身壽險(定期給付型)	PRT01A01	6	38,080,000	3,076,864	2,999,942
遠雄人壽	傳富倍多紛利率變動型終身壽險	WG1	6	60,000,000	3,084,000	2,976,060
遠雄人壽	美滿金永樂利率變動型增額終身壽險	WJ1	6	17,840,000	3,059,560	2,998,369
全球人壽	豪威六六利率變動終身壽險(定額給付型)	QBW(15@_74@)	6	47,490,000	3,172,332	2,999,757
全球人壽	88鑫傳承利率變動型終身壽險(定額給付型)	QDW(15@_69@)	6	47,850,000	3,172,455	2,999,873
新光人壽	鑫添傳家利率變動型終身壽險(定期給付型)	NWA	6	56,900,000	3,118,120	2,999,631
新光人壽	鑫好傳家利率變動型終身壽險(定期給付型)	NXA	6	52,520,000	3,124,940	2,999,942
元大人壽	真億達利率變動型終身壽險	JY	6	30,000,000	1,800,000	1,728,000
保誠人壽	福安滿利終身壽險(113)(定期給付型)	ARLPLN10	6	29,271,650	3,076,450	3,000,000
富邦人壽	紅運長樂增額分紅終身壽險	PAF	6	10,013,000	3,060,974	2,999,755
富邦人壽	富享世代利率變動型終身壽險	IBN1	6	30,000,000	1,833,000	1,768,845
台新人壽	台鑫金讚利率變動型終身保險	P6TISN	6	43,370,000	3,156,469	2,999,908
新光人壽	添添富貴利率變動型終身壽險(定期給付型)	SEA	6	16,770,000	3,092,388	2,999,616
保誠人壽	金世代終身壽險(定額給付型)	BRLPLN8	6	30,578,546	3,060,912	3,000,000
台灣人壽	珍多寶利率變動型增額終身壽險	NTIW0903	6	16,728,566	3,086,420	3,000,000
全球人壽	台富88利率變動型終身壽險(定額給付型)	QPW(15@_69@)	6	40,000,000	2,596,000	2,454,778
新光人壽	金來保利率變動型終身壽險(定期給付型)	SLA	6	52,980,000	3,157,608	2,999,728
全球人壽	豪鑫368利率變動型終身壽險(定額給付型)	QVW(15@_74@)	6	55,580,000	3,123,596	2,999,824
凱基人壽	大富人生利率變動型終身壽險-定期給付型	5I6K	6	47,002,803	3,092,784	3,000,000
凱基人壽	天天有利利率變動型終身壽險-定期給付型	5I6F	6	14,077,307	3,092,784	3,000,000
凱基人壽	鑫利567利率變動型終身壽險-定期給付型	5I6E	6	8,629,765	3,225,806	3,000,000
元大人壽	元滿富利率變動型終身壽險	JZ	6	56,390,980	3,090,226	3,000,000
全球人壽	豪享樂退利變率變動型終身壽險(定額給付型)	QMS(15@_69@)	6	3,830,000	3,132,940	2,993,368
第一金人壽	金多樂利率變動型終身壽險	ILW1	6	16,641,014	3,076,923	3,000,000
第一金人壽	第一豐盛利率變動型終身壽險	ILV1	6	66,414,299	3,174,603	3,000,000
台灣人壽	紅利旺分紅終身壽險	NPTW0102	6	31,525,855	3,076,923	3,000,000
保誠人壽	金寶貝終身壽險(定額給付型)	ARLPLN25	6	30,578,546	3,060,912	3,000,000
遠雄人壽	美滿金享優2利率變動型增額終身壽險	WU1	6	16,690,000	3,060,946	2,999,727
保誠人壽	享扶利終身壽險(定額給付型)	ARLPN003	6	10,000,000	1,376,000	1,348,618
