period=20 anchor=30F type=台幣利變非還本 budget=TWD 3,000,000
====================================================
全球人壽	1314金利旺盛利率變動型終身壽險(定額給付型)	QRS	20	34,950,000	3,107,055	2,999,240
遠雄人壽	傳富聚鑫利率變動型終身壽險	WH1(15@_60@)	20	60,000,000	1,428,000	1,356,600
遠雄人壽	美滿金永樂利率變動型增額終身壽險	WJ1	20	60,000,000	2,868,000	2,724,600
全球人壽	88鑫傳承利率變動型終身壽險(定額給付型)	QDW(15@_60@)	20	60,000,000	1,530,000	1,431,698
台灣人壽	傳承富足利率變動型終身壽險	NTIW1201	20	129,954,547	3,157,895	3,000,000
新光人壽	鑫好傳家利率變動型終身壽險(定期給付型)	NXA(30@_49@)	20	60,000,000	1,290,000	1,238,400
元大人壽	真億達利率變動型終身壽險	JY	20	30,000,000	675,000	648,000
富邦人壽	紅運長樂增額分紅終身壽險	PAF	20	28,529,000	3,061,162	2,999,939
富邦人壽	新吉好利利率變動型增額終身壽險	IAT2	20	29,596,000	3,092,782	2,999,999
台新人壽	台鑫金讚利率變動型終身保險	20TISN	20	118,480,000	3,156,307	2,999,754
新光人壽	添添富貴利率變動型終身壽險(定期給付型)	SEA	20	30,000,000	1,515,000	1,469,550
保誠人壽	金世代終身壽險(定額給付型)	BRLPLN8	20	60,000,000	2,196,000	2,152,300
全球人壽	台富88利率變動型終身壽險(定額給付型)	QPW(15@_60@)	20	40,000,000	996,000	932,007
凱基人壽	鑫利567利率變動型終身壽險-定期給付型	5I6E	20	26,183,494	3,225,806	3,000,000
全球人壽	豪享樂退利變率變動型終身壽險(定額給付型)	QMS(15@_55@)	20	10,070,000	3,136,805	2,997,060
第一金人壽	金多樂利率變動型終身壽險	ILW1	20	47,192,078	3,076,923	3,000,000
第一金人壽	第一豐盛利率變動型終身壽險	ILV1	20	172,532,798	3,174,603	3,000,000
保誠人壽	金寶貝終身壽險(定額給付型)	ARLPLN25	20	60,000,000	2,196,000	2,152,300
遠雄人壽	美滿金享優2利率變動型增額終身壽險	WU1	20	60,000,000	3,000,000	2,850,000
