period=2 anchor=21M type=台幣利變非還本 budget=TWD 3,000,000
====================================================
全球人壽	鑫滿富足利率變動型增額終身壽險(定額給付型)	QHD(15@_78@)	2	5,330,000	3,090,867	2,998,836
新光人壽	尚好利利率變動型終身壽險(定期給付型)	PBA	2	5,760,000	3,090,240	2,997,533
新光人壽	金好旺利率變動型終身壽險(定期給付型)	PJA	2	18,860,000	3,076,066	2,999,164
富邦人壽	富利傳家利率變動型終身壽險	IBZ	2	17,403,000	3,061,188	2,999,964
富邦人壽	珍給利利率變動型增額終身壽險	IBC	2	5,834,000	3,045,348	2,999,668
台灣人壽	珍多寶利率變動型增額終身壽險	NTIW0903	2	5,493,806	3,086,420	3,000,000
台灣人壽	金得利利率變動型增額終身壽險	NTIW1802	2	5,142,133	3,045,685	3,000,000
台灣人壽	金福利利率變動型終身壽險	NTIW1602	2	16,283,109	3,061,224	3,000,000
台灣人壽	金滿利利率變動型終身壽險	NTIW2501	2	15,339,544	3,083,248	3,000,000
全球人壽	代代豪旺利率變動型終身壽險(定額給付型)	QNW	2	17,040,000	3,084,240	2,998,483
法國巴黎人壽	鴻運金喜分紅終身壽險(定期給付型)	PRT02A01	2	7,720,000	3,076,420	2,999,510
台新人壽	台享富貴利率變動型終身壽險	P2TIDA	2	19,660,000	3,066,174	2,999,086
凱基人壽	全家福利率變動型終身壽險-定期給付型	5I6L	2	18,107,942	3,067,485	3,000,000
凱基人壽	鑫旺來利率變動型終身壽險-定期給付型	5I74	2	6,208,852	3,086,420	3,000,000
凱基人壽	天天有利利率變動型終身壽險-定期給付型	5I6F	2	5,472,986	3,092,784	3,000,000
台灣人壽	紅利旺分紅終身壽險	NPTW0102	2	7,748,485	3,076,923	3,000,000
元大人壽	金元寶利率變動型終身壽險	JI	2	17,421,600	3,092,334	3,000,000
