period=6 anchor=30F type=台幣利變非還本 budget=TWD 3,000,000
====================================================
友邦人壽	增利High利率變動型終身壽險	NISL	6	3,310,000	3,043,545	2,998,044
全球人壽	鑫滿富足利率變動型增額終身壽險(定額給付型)	QHD(15@_74@)	6	15,530,000	3,092,023	2,999,958
新光人壽	永康傳家利率變動型終身壽險(定期給付型)	NLA	6	51,630,000	3,118,452	2,999,951
遠雄人壽	傳富聚鑫利率變動型終身壽險	WH1	6	45,760,000	3,157,440	2,999,568
法國巴黎人壽	鴻運旺旺來終身壽險(定期給付型)	PRT01A01	6	35,480,000	3,076,116	2,999,213
遠雄人壽	傳富倍多紛利率變動型終身壽險	WG1	6	56,620,000	3,108,438	2,999,643
遠雄人壽	美滿金永樂利率變動型增額終身壽險	WJ1	6	17,870,000	3,061,131	2,999,908
全球人壽	豪威六六利率變動終身壽險(定額給付型)	QBW(15@_74@)	6	45,120,000	3,171,936	2,999,383
全球人壽	88鑫傳承利率變動型終身壽險(定額給付型)	QDW(15@_69@)	6	45,190,000	3,172,338	2,999,763
新光人壽	鑫添傳家利率變動型終身壽險(定期給付型)	NWA	6	53,950,000	3,118,310	2,999,814
新光人壽	鑫好傳家利率變動型終身壽險(定期給付型)	NXA	6	49,920,000	3,124,992	2,999,992
元大人壽	真億達利率變動型終身壽險	JY	6	30,000,000	1,938,000	1,860,000
保誠人壽	福安滿利終身壽險(113)(定期給付型)	ARLPLN10	6	28,725,028	3,076,450	3,000,000
富邦人壽	紅運長樂增額分紅終身壽險	PAF	6	10,331,000	3,061,075	2,999,854
富邦人壽	富享世代利率變動型終身壽險	IBN1	6	30,000,000	1,947,000	1,878,855
台新人壽	台鑫金讚利率變動型終身保險	P6TISN	6	41,220,000	3,156,215	2,999,667
新光人壽	添添富貴利率變動型終身壽險(定期給付型)	SEA	6	17,740,000	3,092,082	2,999,320
保誠人壽	金世代終身壽險(定額給付型)	BRLPLN8	6	30,097,468	3,060,912	3,000,000
台灣人壽	珍多寶利率變動型增額終身壽險	NTIW0903	6	17,252,210	3,086,420	3,000,000
全球人壽	台富88利率變動型終身壽險(定額給付型)	QPW(15@_69@)	6	40,000,000	2,740,000	2,590,944
新光人壽	金來保利率變動型終身壽險(定期給付型)	SLA	6	50,120,000	3,157,560	2,999,682
全球人壽	豪鑫368利率變動型終身壽險(定額給付型)	QVW(15@_74@)	6	52,320,000	3,123,504	2,999,735
凱基人壽	大富人生利率變動型終身壽險-定期給付型	5I6K	6	44,628,924	3,092,784	3,000,000
凱基人壽	天天有利利率變動型終身壽險-定期給付型	5I6F	6	14,506,493	3,092,784	3,000,000
凱基人壽	鑫利567利率變動型終身壽險-定期給付型	5I6E	6	8,938,228	3,225,806	3,000,000
元大人壽	元滿富利率變動型終身壽險	JZ	6	53,097,350	3,090,266	3,000,000
全球人壽	豪享樂退利變率變動型終身壽險(定額給付型)	QMS(15@_69@)	6	3,390,000	3,134,055	2,994,433
第一金人壽	金多樂利率變動型終身壽險	ILW1	6	17,151,190	3,076,923	3,000,000
第一金人壽	第一豐盛利率變動型終身壽險	ILV1	6	61,883,109	3,174,603	3,000,000
台灣人壽	紅利旺分紅終身壽險	NPTW0102	6	28,542,889	3,076,923	3,000,000
保誠人壽	金寶貝終身壽險(定額給付型)	ARLPLN25	6	30,097,468	3,060,912	3,000,000
遠雄人壽	美滿金享優2利率變動型增額終身壽險	WU1	6	17,200,000	3,059,880	2,998,682
保誠人壽	享扶利終身壽險(定額給付型)	ARLPN003	6	10,000,000	1,515,000	1,484,852
