period=6 anchor=41M type=台幣利變非還本 budget=TWD 3,000,000
====================================================
友邦人壽	增利High利率變動型終身壽險	NISL	6	3,310,000	3,043,545	2,998,044
全球人壽	鑫滿富足利率變動型增額終身壽險(定額給付型)	QHD(15@_74@)	6	15,180,000	3,090,648	2,998,624
新光人壽	永康傳家利率變動型終身壽險(定期給付型)	NLA	6	36,340,000	3,117,972	2,999,489
遠雄人壽	傳富聚鑫利率變動型終身壽險	WH1	6	33,270,000	3,157,323	2,999,457
法國巴黎人壽	鴻運旺旺來終身壽險(定期給付型)	PRT01A01	6	29,580,000	3,076,320	2,999,412
遠雄人壽	傳富倍多紛利率變動型終身壽險	WG1	6	38,760,000	3,108,552	2,999,753
遠雄人壽	美滿金永樂利率變動型增額終身壽險	WJ1	6	17,840,000	3,059,560	2,998,369
全球人壽	豪威六六利率變動終身壽險(定額給付型)	QBW(15@_74@)	6	32,940,000	3,172,122	2,999,559
全球人壽	88鑫傳承利率變動型終身壽險(定額給付型)	QDW(15@_69@)	6	33,500,000	3,172,450	2,999,869
新光人壽	鑫添傳家利率變動型終身壽險(定期給付型)	NWA	6	38,070,000	3,117,933	2,999,452
新光人壽	鑫好傳家利率變動型終身壽險(定期給付型)	NXA	6	35,430,000	3,124,926	2,999,929
元大人壽	真億達利率變動型終身壽險	JY	6	30,000,000	2,724,000	2,616,000
保誠人壽	福安滿利終身壽險(113)(定期給付型)	ARLPLN10	6	22,212,638	3,076,450	3,000,000
富邦人壽	紅運長樂增額分紅終身壽險	PAF	6	10,133,000	3,061,179	2,999,955
富邦人壽	富享世代利率變動型終身壽險	IBN1	6	30,000,000	2,715,000	2,619,975
台新人壽	台鑫金讚利率變動型終身保險	P6TISN	6	31,590,000	3,156,157	2,999,612
新光人壽	添添富貴利率變動型終身壽險(定期給付型)	SEA	6	15,470,000	3,090,906	2,998,179
保誠人壽	金世代終身壽險(定額給付型)	BRLPLN8	6	22,893,885	3,060,912	3,000,000
台灣人壽	珍多寶利率變動型增額終身壽險	NTIW0903	6	16,930,447	3,086,420	3,000,000
全球人壽	台富88利率變動型終身壽險(定額給付型)	QPW(15@_69@)	6	34,150,000	3,172,535	2,999,949
新光人壽	金來保利率變動型終身壽險(定期給付型)	SLA	6	35,440,000	3,157,704	2,999,819
全球人壽	豪鑫368利率變動型終身壽險(定額給付型)	QVW(15@_74@)	6	36,830,000	3,123,184	2,999,428
凱基人壽	大富人生利率變動型終身壽險-定期給付型	5I6K	6	32,693,282	3,092,784	3,000,000
凱基人壽	天天有利利率變動型終身壽險-定期給付型	5I6F	6	14,245,898	3,092,784	3,000,000
凱基人壽	鑫利567利率變動型終身壽險-定期給付型	5I6E	6	8,749,136	3,225,806	3,000,000
元大人壽	元滿富利率變動型終身壽險	JZ	6	37,128,710	3,092,822	3,000,000
全球人壽	豪享樂退利變率變動型終身壽險(定額給付型)	QMS(15@_69@)	6	2,640,000	3,137,640	2,997,858
第一金人壽	金多樂利率變動型終身壽險	ILW1	6	16,934,086	3,076,923	3,000,000
第一金人壽	第一豐盛利率變動型終身壽險	ILV1	6	42,047,728	3,174,603	3,000,000
台灣人壽	紅利旺分紅終身壽險	NPTW0102	6	22,876,754	3,076,923	3,000,000
保誠人壽	金寶貝終身壽險(定額給付型)	ARLPLN25	6	22,893,885	3,060,912	3,000,000
遠雄人壽	美滿金享優2利率變動型增額終身壽險	WU1	6	16,610,000	3,061,223	2,999,999
保誠人壽	享扶利終身壽險(定額給付型)	ARLPN003	6	10,000,000	1,866,000	1,828,867
