period=10 anchor=21M type=台幣利變非還本 budget=TWD 3,000,000
====================================================
全球人壽	1314金利旺盛利率變動型終身壽險(定額給付型)	QRS	10	20,830,000	3,107,836	2,999,994
遠雄人壽	美滿金永樂利率變動型增額終身壽險	WJ1	10	29,880,000	3,092,580	2,999,803
新光人壽	鑫好傳家利率變動型終身壽險(定期給付型)	NXA	10	60,000,000	2,280,000	2,188,800
富邦人壽	紅運長樂增額分紅終身壽險	PAF	10	15,658,000	3,061,139	2,999,916
富邦人壽	新吉好利利率變動型增額終身壽險	IAT2	10	16,586,000	3,030,262	2,999,959
台新人壽	台鑫金讚利率變動型終身保險	10TISN	10	68,990,000	3,156,293	2,999,741
新光人壽	添添富貴利率變動型終身壽險(定期給付型)	SEA	10	28,320,000	3,092,544	2,999,768
保誠人壽	金世代終身壽險(定額給付型)	BRLPLN8	10	46,731,488	3,060,912	3,000,000
凱基人壽	鑫利567利率變動型終身壽險-定期給付型	5I6E	10	13,820,936	3,225,806	3,000,000
第一金人壽	金多樂利率變動型終身壽險	ILW1	10	26,186,582	3,076,923	3,000,000
第一金人壽	第一豐盛利率變動型終身壽險	ILV1	10	104,085,360	3,174,603	3,000,000
保誠人壽	金寶貝終身壽險(定額給付型)	ARLPLN25	10	46,731,488	3,060,912	3,000,000
