period=10 anchor=30F type=台幣利變非還本 budget=TWD 3,000,000
====================================================
全球人壽	1314金利旺盛利率變動型終身壽險(定額給付型)	QRS	10	20,760,000	3,107,772	2,999,932
遠雄人壽	美滿金永樂利率變動型增額終身壽險	WJ1	10	29,910,000	3,092,694	2,999,913
新光人壽	鑫好傳家利率變動型終身壽險(定期給付型)	NXA	10	60,000,000	2,406,000	2,309,760
富邦人壽	紅運長樂增額分紅終身壽險	PAF	10	16,154,000	3,061,183	2,999,959
富邦人壽	新吉好利利率變動型增額終身壽險	IAT2	10	16,622,000	3,030,191	2,999,889
台新人壽	台鑫金讚利率變動型終身保險	10TISN	10	65,730,000	3,156,355	2,999,800
新光人壽	添添富貴利率變動型終身壽險(定期給付型)	SEA	10	29,960,000	3,091,872	2,999,116
保誠人壽	金世代終身壽險(定額給付型)	BRLPLN8	10	46,098,079	3,060,912	3,000,000
凱基人壽	鑫利567利率變動型終身壽險-定期給付型	5I6E	10	14,305,128	3,225,806	3,000,000
第一金人壽	金多樂利率變動型終身壽險	ILW1	10	27,014,253	3,076,923	3,000,000
第一金人壽	第一豐盛利率變動型終身壽險	ILV1	10	97,380,475	3,174,603	3,000,000
保誠人壽	金寶貝終身壽險(定額給付型)	ARLPLN25	10	46,098,079	3,060,912	3,000,000
