period=20 anchor=21M type=台幣利變非還本 budget=TWD 3,000,000
====================================================
全球人壽	1314金利旺盛利率變動型終身壽險(定額給付型)	QRS	20	35,150,000	3,107,260	2,999,438
遠雄人壽	傳富聚鑫利率變動型終身壽險	WH1(15@_60@)	20	60,000,000	1,356,000	1,288,200
遠雄人壽	美滿金永樂利率變動型增額終身壽險	WJ1	20	60,000,000	2,868,000	2,724,600
全球人壽	88鑫傳承利率變動型終身壽險(定額給付型)	QDW(15@_60@)	20	60,000,000	1,440,000	1,347,480
台灣人壽	傳承富足利率變動型終身壽險	NTIW1201	20	137,899,366	3,157,895	3,000,000
新光人壽	鑫好傳家利率變動型終身壽險(定期給付型)	NXA(0@_29@)	20	60,000,000	1,206,000	1,157,760
元大人壽	真億達利率變動型終身壽險	JY	20	30,000,000	627,000	603,000
富邦人壽	紅運長樂增額分紅終身壽險	PAF	20	27,728,000	3,061,171	2,999,948
富邦人壽	新吉好利利率變動型增額終身壽險	IAT2	20	29,596,000	3,092,782	2,999,999
台新人壽	台鑫金讚利率變動型終身保險	20TISN	20	123,880,000	3,156,462	2,999,901
新光人壽	添添富貴利率變動型終身壽險(定期給付型)	SEA	20	30,000,000	1,599,000	1,551,030
保誠人壽	金世代終身壽險(定額給付型)	BRLPLN8	20	60,000,000	2,244,000	2,199,344
全球人壽	台富88利率變動型終身壽險(定額給付型)	QPW(15@_60@)	20	40,000,000	944,000	883,348
凱基人壽	鑫利567利率變動型終身壽險-定期給付型	5I6E	20	25,320,302	3,225,806	3,000,000
全球人壽	豪享樂退利變率變動型終身壽險(定額給付型)	QMS(15@_55@)	20	11,380,000	3,137,466	2,997,692
第一金人壽	金多樂利率變動型終身壽險	ILW1	20	45,584,051	3,076,923	3,000,000
第一金人壽	第一豐盛利率變動型終身壽險	ILV1	20	183,503,092	3,174,603	3,000,000
保誠人壽	金寶貝終身壽險(定額給付型)	ARLPLN25	20	60,000,000	2,244,000	2,199,344
遠雄人壽	美滿金享優2利率變動型增額終身壽險	WU1	20	60,000,000	3,084,000	2,929,800
